[Terrain]
HeightFreq1=0.100000
HeightFreq2=1.000000
HeightFreq3=2.000000
HeightAmp1=1.000000
HeightAmp2=0.500000
HeightAmp3=0.500000

